267 267 267 267 267 267 269 268 267 267 -1 60 121 108 118 122 120 117 121 97 97 112 104 64 110 105 102 116 121 46 99 111 109 258 258 258 0 0 122161 
267 267 267 267 267 267 269 268 267 267 60 100 114 111 105 116 45 99 111 114 112 115 64 110 105 102 109 97 105 108 46 106 112 258 258 258 0 0 49 
267 267 267 267 267 267 269 268 267 267 60 115 97 109 117 114 97 119 97 116 116 101 64 109 97 105 108 46 103 111 111 46 110 101 46 106 112 258 258 258 -1 0 49 
267 267 267 267 267 267 269 268 267 267 -1 60 102 114 97 122 105 101 114 64 108 110 102 100 105 115 116 46 99 111 109 258 258 258 0 0 0 
267 267 267 267 267 267 269 268 267 267 60 109 97 121 45 97 102 102 105 110 101 64 110 105 102 109 97 105 108 46 106 112 258 258 258 0 0 0 
267 267 267 267 267 267 269 268 267 267 60 110 97 116 117 115 97 105 111 112 64 109 97 105 108 46 103 111 111 46 110 101 46 106 112 258 258 258 0 0 0 
267 267 267 267 267 267 269 268 267 267 60 110 105 117 116 97 116 116 101 64 109 97 105 108 46 103 111 111 46 110 101 46 106 112 258 258 258 0 33 0 
267 267 267 267 267 267 269 268 267 267 60 110 99 116 108 121 122 113 111 54 100 113 111 110 99 105 97 103 118 120 110 106 64 116 120 115 101 99 46 99 111 109 258 258 258 0 33 0 
267 267 267 267 267 267 269 268 267 267 60 110 105 110 101 110 111 116 105 111 110 64 121 97 104 111 111 46 99 111 46 106 112 258 258 258 0 0 49 
267 267 267 267 267 267 269 268 267 267 60 110 97 110 116 111 102 117 97 64 109 97 105 108 46 103 111 111 46 110 101 46 106 112 258 258 258 0 33 0 
